--AK--OneAutumnLeaf 514784487763214346 24 93 312
--K--AKAI 678509140708163595 1563 1502 5880
--K--GarpDEez 420637196610174977 0 48 1194
--K--Eion 1049116028552093816 0 0 144
--K--Alpha 485441587216777216 0 0 54
--K--Engyt 403186462486560768 0 0 114
--K--GoKuu 435511103435571223 1830 117 1860
--K--Hyper 287483088349691914 454 648 3087
--K--ipangleo 273136012815761408 42 54 456
--K--KingOfTheWildHunt 544083074854551553 0 0 18
--K--Kizugucci 311298211921002496 750 414 1116
--K--Lavina 699313891762634774 0 486
--k--limmy 358236068857774080 600 52 944
--K--Migzzy 747287776789135401 0 0 90
--K--OkuuGaming 144811946946985984 0 0 48
--K--Princess_Snowy 233140390818086913 471 468 1608
--K--Red_Hood 309390721897725953 667 0 0
--K--Rene 245941013473001472 0 0 908
--K--Strider1202 1084703654306664528 0 0 228
--K--ute 329109761050148865 183 168 753
--K--Zekrom 542744136378482729 82 18 144
-AK-AngelImmortalus7 193268903244201984 218 526 1103
-AK-BlooperDooper1202 479930173349691392 0 30 500
-AK-Kanikou 208928568304992256 0 1270 106
-AK-Lolgod 311155561385164810 528 576 1426
-AK-lastAV 392013460176764928 832 944 3487
-AK-molly 185036546347499520 2025 1622 3237
molly2 185036546347499520 0 0 0
-AK-Mormegil 264606819270393856 54 18 126
-AK-Mr.Nobody 305583690724016130 1859 171 253
-AK-Prime 512661177902563376 84 78 102
-AK-Snake_Eyes 442069178384515072 718 843 2870
-Geki- 720691003878801468 0 0 12
-HK-Creator 268715042944319498 240 282 762
-HK-MinatoAqua 521946365924868111 228 500 1635
-HK-Novulo 0 0 0 0
-HK-SammySpark 174976417509933056 120 118 219
-HK-Shino 257219962391756800 0 0 159
-HK-Zed 261410800881762304 0 24 96
-IK-FeraHope. 463608856488968213 0 0 0
-IK-minche 295108470779281409 385 121 1292
-IK-Riku 573122457293291541 0 0 0
-IK-SadAce 401388359123075082 102 198 498
-MK-Mochi 584876353422098449 998 331 841
-WK-BobaNoice 274617794409267210 572 564 1629
-WK-Kiku-the-nights-flwr 362271593088417794 190 24 934
-WK-Neyo 302647139379445760 222 111 309
-WK-PasswordXD 177608062494965761 0 6 377
-YK-Leonz2Great 713973686960652349 0 0 333
Ally 640629972817543195 0 0 138
Apple 405004773637750784 36 671 1294
.Erra 386558557396402177 24 36 0
Asante95 393823990667542539 18 126 330
Ayrpheli 359168063817383947 0 0 12
Bulgared 598243365544525824 0 0 389
Burrito 406536820634025994 66 30 174
Castmaker 148716710747308033 0 0 90
coolXX 303793827548889088 963 1005 3231
cosmin12345678 512328994784280576 0 0 12
cr_s 233298186981212171 0 0 18
darkninja57 721715994350846043 0 0 0
darkeew 452436342841016341 0 0 0
DarkOlives 274344924345008128 0 6 36
Dart_X_Cady 340660999457603586 0 0 128
Ditsune 186015148371083264 0 0 0
DoctorT-Dawg 520962407745454141 0 0 342
fall30v 758956999529857072 0 0 0
Felwomax 492307100282781696 0 0 0
Fj0rdan 572210603528290334 0 78 30
FractalMachine 286218717635936256 0 84 829
Fujiwara19 697129961433333843 0 0 114
gaevil 412109609164210177 3144 1339 5285
GinoTheEvel 277302600632893440 0 18 30
GoldenEyeKai 614233563457519654 42 96 1116
Gutreis 400985757738598400 1001 6 1772
Heitzman 302320229403328522 240 18 260
InappropriateAlias0405 81677138670915584 0 0 0
itsskiro 272025850101104640 0 0 6
Justflysniper 852734978068185139 0 0 150
Kamui987 145698139666382848 30 42 162
Kalisur101 797373128342634516 0 0 72
Kennen201 107104143595810816 0 48 1039
kuhan78_pro 914213841490022450 0 0 18
LifeStrike 302251788655001610 24 0 18
Lillith_115 378511456171458563 0 0 381
llx_KD_llx 679030729468018727 180 174 102
LouiseLeBlanc 454600928511787008 36 222 2034
M4n1v3rs3 100997940130086912 0 6 126
Mabelline 423388408879120384 0 0 84
Mel1ed 732121948515074158 0 0 0
Melocorin 398506388168507402 822 749 1912
MLcrowavable 644094359788322817 0 0 0
Mika 316605187177578499 189 117 150
Mr.Nep 933449525731930205 0 0 288
Nanoka0310 657386833600053268 0 0 96
Nightingrelle 219554054181879808 0 0 30
Nugmania 375365582163410976 36 36 144
Nxysapp 582687677829218305 0 0 462
Padlis1 368129022212964363 834 768 1224
Mr.S04 756885080470978602 0 0 587
Ping79802 461937758286512128 0 0 186
Pistrik 597506852942643210 0 0 72
PonasKugelis #REF! #REF! #REF! #REF!
PleaseTakeNotes 239209617995989002 0 0 72
Poison145 551548438270050324 0 0 72
Pretender_ 142394350507130881 30 12 30
Quantum_Dream 209783117722943489 210 42 2378
RaawrRxD 431074729986621440 0 0 0
Ray. 284971967470239744 222 255 630
Reis-blackslash 960180575363285113 0 0 78
Rvban 166263217998397440 804 72 1726
shot753 447662911528239115 0 0 0
SolStreak 735755681222623242 0 0 258
Stealthyness21 424695695665004546 120 120 258
StoopidDog 259517031194296320 0 258 720
TeaCrazy 267380741589958666 0 122 36
Test 123 0 0 0
Thaibao 394508766021812225 0 30 0
TheGreatNappa 146874343945666561 255 15 0
TokreDinnye2003 372395090829901825 0 6 0
ToxicJeffry 174564054243737603 0 0 414
Toxicprime02 559181906072305674 0 0 12
Trivago 449198201367560192 0 0 498
Trader 322720523945639936 0 0 1338
UnKnownnPasta 740536348166848582 60 228 1008
Vixx3n 370462877913448448 78 66 228
WeebusEliteus 223823608059920385 0 0 0
WhiteServant 214372878370471936 165 381 1038
xminatedx 194764250168688640 290 1160 1996 0
Zanthres 142826712646942720	6 6 84 0
Zei110 261371508067270657 0 0 279 0
Zlushiie 498993740715917312 0 0 0 0